1
1000
1003
1004
1006
1008
1009
1010
1011
1013
1024
1025
1026
1028
1029
103
1030
1034
1037
1038
1039
1040
1041
1042
1045
1046
1047
1048
1049
105
1050
1051
1052
1053
1054
1055
1056
1058
1059
106
1060
1061
1062
1064
1065
1066
1067
1068
1069
1070
1071
1072
1073
1074
1075
1077
1079
108
1080
1081
1082
1083
1085
1088
1089
1090
1092
1095
1096
1097
1098
1099
11
1100
1101
1102
1104
1105
1108
1109
1113
1116
1117
1118
1119
112
1120
1122
1123
1124
1125
1129
1130
1131
1132
1134
1142
1143
1149
1152
1154
1158
116
1165
1169
117
1171
1172
1175
1176
1177
1179
118
1180
1182
1183
1185
1187
1188
1189
1190
1191
1192
1194
1196
1197
1198
1199
12
120
1200
1201
1202
1203
1204
1205
1206
1208
121
1210
1211
1212
1213
1214
1215
1216
1218
1222
1223
1226
1230
1231
1232
1234
1235
1237
1238
1239
1240
1246
125
1251
1252
1253
1257
1259
1261
1267
1268
1272
1274
1276
1277
1279
1280
1282
1283
1286
1289
129
1291
1292
1298
1299
1300
1301
1304
1305
1306
1308
1311
1312
1313
1314
1316
1317
1318
1319
1321
1324
1328
1330
1331
1332
1334
1335
1337
1340
1344
1345
1346
1347
1348
1350
1353
1360
1362
1364
1365
1366
1367
1368
137
1371
1372
1374
1375
1376
1378
138
1380
1381
1385
139
1390
1392
1393
1394
1396
1397
1398
1399
1400
1401
1403
1404
1405
141
1418
1419
142
1420
1423
1424
1427
1429
1434
1435
1436
1437
1438
144
1441
1444
1447
1448
145
1451
1452
1454
1455
1456
146
1463
1464
1466
1468
147
1470
1471
1472
1474
1475
1476
148
1480
1482
1483
1486
1487
1488
1489
149
1492
1493
1494
1495
1498
15
150
1500
1502
1503
1507
1511
1512
1513
1514
1515
1516
1517
1518
152
1522
1523
1524
1526
1528
1532
1533
1534
1535
1536
1539
154
1540
1541
1542
1544
1545
1547
1548
1551
1552
1553
1554
1559
156
1561
1562
1563
1564
1565
1567
1568
1569
1574
1575
1576
1578
1579
1580
1582
1583
1584
1585
1587
1588
1589
1591
1595
1596
16
1602
1603
1604
1608
1609
1610
1612
1613
1615
1618
1619
1620
1621
1622
1623
1626
1627
1628
1630
1631
1634
1635
1636
1637
1638
1639
1640
1644
1647
1649
165
1651
1655
1657
1658
166
1660
1662
1663
1664
1666
1667
1668
1669
167
1670
1672
1675
1676
1677
1678
1679
168
1680
1683
1684
1685
1688
1689
1691
1696
1697
1698
1699
17
170
1700
1701
1703
1704
1705
1709
171
1710
1712
1713
1716
1717
172
1720
1723
1726
1729
173
1730
1733
1735
1737
1739
1745
1747
1751
1752
1754
1756
1757
1760
1761
1763
1764
1767
1768
1769
1773
1774
1775
1776
1778
1779
178
1781
1783
1784
1785
1786
1791
1792
1793
1795
1796
1798
1799
180
1802
1804
1806
1807
1809
181
1810
1811
1812
1813
1814
1820
1821
1824
1827
1829
1833
1837
1838
1839
1840
1842
1844
1845
1847
1849
185
1850
1852
1854
1855
1857
1858
1862
1864
1868
1869
187
1870
1871
1874
1875
1877
1879
188
1881
1884
1885
1886
1887
1888
1889
189
1891
1892
1893
1894
1895
1896
1898
1899
19
190
1900
1901
1905
1906
1908
1912
1913
1914
1915
1917
1918
1919
192
1920
1922
1925
1927
1928
1929
193
1930
1931
1932
1935
1937
1938
1941
1943
1944
1946
1947
1949
1951
1953
1955
1958
1959
1960
1961
1962
1967
1968
197
1970
1971
1972
1973
198
1981
1983
1984
1985
1988
1989
199
1990
1991
1993
1995
1996
1997
1999
2
20
200
2000
2001
2002
2003
2006
2007
201
2010
2013
2015
2016
2017
202
2022
2023
2025
2026
2027
2028
203
2032
2034
2035
2036
2038
2039
204
2041
2044
2045
2046
2047
2048
2050
2051
2052
2053
2057
206
2062
2064
2066
2068
2069
2070
2071
2072
2073
2074
2076
2077
2079
208
2080
2083
2084
2086
2089
209
2091
2092
2094
2095
2096
2098
2100
2101
2104
2109
211
2113
2114
2115
2117
2119
212
2122
2125
2128
2130
2132
2133
2134
2136
2138
2143
2145
2146
2147
2148
2149
215
2152
2154
2155
2158
2159
2160
2161
2162
2163
2165
2169
2171
2172
2175
2176
2178
2179
2189
2191
2192
2193
2195
2196
2197
2198
2199
220
2200
2202
2203
2204
2205
2206
2207
2209
221
2211
2214
2218
2219
2220
2226
2227
223
2230
2231
2232
2235
2236
2238
2239
2242
2243
2246
2248
2250
2251
2253
2254
2255
2258
226
2261
2262
2264
2265
2268
2270
2271
2273
2278
228
2280
2282
2284
2285
2286
2288
2289
229
2291
2292
2298
2299
2302
2304
2306
2307
2309
2310
2311
2312
2314
2317
232
2323
2324
233
2330
2331
2334
2335
2336
2337
2338
2339
234
2342
2343
2344
2346
2347
2348
235
2354
2356
2358
236
2368
2369
2370
2371
2373
2376
2379
238
2381
2383
2384
2387
239
2390
2391
2392
2394
2397
240
2400
2402
2403
2405
2408
241
2410
2411
2413
2414
2416
2421
2423
2425
2426
2427
2428
2429
243
2431
2433
2434
2435
2438
2440
2442
2443
2444
2445
2446
2449
2450
2453
2454
2456
2457
2458
2459
246
2460
2463
2464
2467
247
2471
2473
2474
2477
2479
248
2480
2484
2485
2486
2493
2496
2497
2498
250
2500
2502
2505
2507
2508
251
2510
2511
2512
2515
2516
2517
2518
252
2522
2523
2524
2528
253
2530
2533
2534
2536
2537
2539
254
2540
2541
2544
2548
2549
2550
2554
2555
2557
2558
2559
256
2560
2561
2563
2566
2567
2568
2570
2571
2572
2575
2578
2579
258
2580
2581
2582
2583
2587
2588
2589
259
2590
2591
2592
2593
2594
2595
2596
2597
2598
2600
2601
2602
2604
2605
2606
2607
2611
2612
2614
2616
2618
2620
2621
2623
2624
2625
2628
2629
2630
2632
2633
2634
2635
2636
2637
2639
2641
2642
2643
2644
2646
2648
2649
265
2650
2653
2654
2655
2656
2657
2658
2659
2660
2661
2667
2668
2669
267
2670
2671
2674
2676
2677
2678
2679
2681
2682
2684
2688
2689
2691
2692
2693
2694
2695
2698
2699
27
2700
2702
2703
2704
2705
2707
2708
2709
271
2710
2711
2712
2713
2715
2716
2717
2719
2720
2721
2722
2723
2724
2725
2726
2727
273
2733
2734
2735
2736
2737
2739
2743
2744
2745
2746
2747
2748
2749
2750
2751
2752
2753
2754
2755
2756
2758
2759
2760
2761
2763
2764
2765
2766
2767
2768
2769
277
2770
2771
2772
2773
2774
2775
2776
2778
2779
278
2780
2784
2785
2788
279
280
281
286
287
290
293
295
297
299
30
300
303
304
309
31
311
312
313
314
315
317
318
32
322
325
326
327
328
330
331
334
335
336
34
340
341
344
347
348
349
351
352
353
355
357
362
363
364
365
367
368
370
375
378
38
383
384
388
39
390
392
394
395
396
398
399
4
400
401
402
405
407
408
41
410
411
413
416
418
419
42
420
421
422
423
425
427
428
429
43
430
434
436
438
439
440
441
444
445
446
447
449
452
454
456
458
460
462
463
465
468
470
471
474
475
476
478
479
48
482
484
487
488
490
492
495
496
5
504
505
507
508
510
511
512
516
517
518
520
522
524
526
527
528
530
531
532
533
534
535
536
539
54
542
545
548
549
550
551
552
553
557
558
559
560
562
563
565
567
568
569
57
572
573
575
576
578
579
58
580
581
582
583
586
589
59
590
591
592
595
596
598
6
60
603
605
608
609
610
612
613
615
616
619
62
620
621
623
625
626
629
63
631
632
635
636
638
640
641
642
645
648
649
65
650
651
653
654
657
658
659
660
664
667
668
669
67
671
672
673
675
676
677
678
68
682
683
684
685
686
687
688
689
69
692
694
695
696
697
698
7
701
702
703
704
705
706
712
713
716
717
718
72
720
722
723
725
726
728
729
733
734
737
739
74
740
741
742
743
745
747
75
751
753
755
759
76
760
762
763
764
766
77
770
771
773
776
778
779
781
782
784
785
786
788
791
793
794
795
796
799
800
801
802
803
805
808
809
811
812
813
816
817
82
821
822
823
824
825
826
827
828
83
831
832
833
835
836
840
841
842
845
847
848
849
852
853
854
858
86
860
861
862
863
864
865
87
871
873
874
875
878
879
880
881
883
885
886
887
888
889
891
894
895
896
897
9
901
902
903
904
905
907
908
909
91
912
913
914
915
916
917
919
923
925
926
927
928
93
930
932
935
937
94
940
941
942
943
944
946
947
948
949
95
951
953
954
955
956
958
96
960
961
962
963
964
966
967
968
969
97
970
971
972
973
976
977
978
979
98
981
990
993
995
997
998
999
