171
1870
254
863
1578
2169
2661
2785
30
233
395
1052
1132
2147
2620
2656
2660
2694
2705
190
942
1049
1059
1068
1069
1070
1122
1123
1540
1579
1908
2195
2590
2702
146
677
923
1047
1048
1053
1060
1072
1099
1100
1261
1488
1944
2159
2298
2641
2725
251
253
408
930
932
1045
1050
1062
1071
1077
1081
1090
1097
1101
1222
1223
1237
1259
1300
1551
1845
1894
2145
2160
2205
2411
2457
2485
2493
2623
2642
2643
2653
2659
2712
2724
2752
2756
2765
2784
69
142
150
1051
1058
1061
1065
1073
1113
1176
1565
1589
1812
1898
1899
2302
2596
2646
2654
2655
2667
2671
2726
2745
2748
2767
76
129
185
248
676
861
894
1046
1054
1066
1074
1082
1095
1124
1580
1943
1999
2000
2309
2383
2541
2559
2575
2591
2594
2611
2624
2632
2637
2650
2670
2693
2703
2704
2719
2727
2733
2749
2766
2768
2775
168
259
327
683
684
853
873
915
1108
1216
1240
1567
1588
2101
2146
2172
2219
2268
2310
2311
2528
2592
2625
2649
2668
2669
2720
2722
2723
2734
2736
2746
2761
2771
59
82
209
226
239
246
280
625
675
685
860
881
883
935
1083
1120
1125
1276
1434
1489
1717
1984
2291
2304
2373
2595
2621
2633
2634
2658
2711
2721
2744
2753
2754
2764
2770
2788
